00205484
00205905
00229749
00231848
00233828
00235019
00262786
00295818
00298022
00298298
00319395
00321237
00336762
00356515
00368781
00394091
00395716
00408235
00408860
00430768
00437921
00446772
00450678
00454401
00457719
00459096
00468672
00469018
00479524
00487133
00494378
00496786
00509722
00511466
00516697
00520626
00522999
00535413
00536451
00547190
00560557
00570670
00577098
00616545
00625768
00632305
00638959
00655188
00672201
00678463
00683602
00683691
00688642
00709067
00719922
00726076
00727087
00734364
00737298
00742600
00756831
00785637
00788334
00814712
00815815
00821387
00822585
00826554
00842336
00850858
00861292
00873348
00879986
00892500
00892878
00895215
00898366
00898950
00899017
00902460
00909968
00911890
00947016
00974417
00977816
00983795
00987285
00993405
00994403
00996221
00999411
01003521
01013875
01023516
01023907
01032227
01041384
01042505
01056321
01069632
01085346
01087110
01087975
01094417
01100315
01105648
01110148
01127770
01143162
01154926
01155880
01160978
01163732
01167801
01176670
01176774
01183092
01184288
01198887
01205164
01213538
01225143
01226855
01226894
01227645
01232950
01235474
01242526
01245587
01247048
01249019
01249321
01256817
01260768
01263340
01267619
01269603
01273081
01274607
01281297
01283992
01314664
01328036
01328723
01328868
01329234
01330783
01332408
01335107
01340444
01351200
01356283
01366851
01377968
01387140
01391318
01395000
01397491
01400963
01410619
01422610
01426075
01428278
01434357
01437124
01437573
01452546
01456990
01458398
01463090
01463286
01474131
01475712
01493667
01493915
01499380
01502126
01502279
01505049
01509501
01514102
01518366
01525618
01531350
01534373
01535651
01545595
01548088
01548685
01557618
01557662
01565849
01568050
01569711
01574580
01575263
01580639
01587281
01588403
01591154
01608635
01618074
01623877
01630049
01640417
01642340
01645451
01653602
01662562
01664953
01689543
01692450
01692944
01693342
01693687
01704088
01712970
01716157
01730603
01733723
01753779
01754130
01756736
01774860
01781340
01784333
01807991
01845010
01849140
01852153
01867716
01870596
01872428
01876740
01888441
01894297
01901392
01902551
01910771
01919282
01921567
01931913
01933105
01935282
01936190
01941026
01951938
01953064
01954929
01955201
01956175
01964892
01968289
01975979
01979986
01986024
01989681
01998121
02006891
02013184
02021095
02024351
02025720
06010478
06025191
06025820
06029510
06029953
06034559
06039673
06042401
06050199
06054949
06059225
06059550
06059654
06060632
06061752
06062192
06062907
06076000
06083352
06084374
06095587
06098322
06098426
06108197
06110764
06111859
06118593
06118986
06120361
06129070
06131253
06133134
06140167
06144254
06159604
06160546
06168963
06169649
06174040
06174068
06181675
06184100
06195473
06216742
06223190
06227996
06230521
06240884
06243045
06247143
06251141
06253786
06259759
06262575
06271413
06273708
06276830
06280147
06289221
06294702
06302877
06303070
06308427
06312837
06325160
06334857
06340560
06345319
06350403
06354911
06357639
06361233
06363436
06369836
06370247
06371138
06371344
06371863
06374384
06375740
06378169
06379933
06412720
06422417
06424252
06428120
06430722
06433237
06437698
06438855
06443225
06450542
06461645
06476033
06483861
06486771
06488423
06501415
06506961
06511283
06512702
06515730
06522257
06528371
06531082
06533763
06539772
06546354
06547129
06550672
06551421
06558040
06560666
06562061
06570167
06579974
06582888
06599512
06602310
06608083
06614387
06624790
06632029
06640625
06650035
06652954
06655855
06660818
06661998
06670431
06672161
06677291
06682105
06686086
06686757
06708417
06710748
06712330
06836994
06842187
06857497
06864940
06870638
06878506
06880786
06886994
06887758
06894277
06897869
06897912
06904031
06910894
06913128
06920262
06934283
06935128
06941787
06962763
06965809
06967616
06972580
06976128
07009808
07014038
07023388
07027181
07029555
07029919
07032826
07039463
07043407
07050206
07052108
07055007
07055389
07060095
07062823
07067880
07069849
07073351
07078962
07079698
07086304
07093090
07095521
07098946
07103027
07106946
07108292
07109182
07109366
07115423
07117194
07120039
07121110
07123730
07128319
07130138
07130849
07134288
07136140
07139358
07143076
07147487
07157634
07160476
07162854
07167814
07188401
07188942
07192538
07199575
07204223
07210412
07213862
07214664
07219895
07222235
07223783
07225320
07227577
07230816
07233345
07274121
07276015
07340241
07345921
07361309
07396708
07398066
07401505
07402212
07417263
07420504
07422359
07426636
07430457
07434000
07435263
07435483
07436434
07444512
07449801
07449829
07450954
07454990
07461793
07464351
07466301
07477366
07478546
07481309
07482325
07483627
07483879
07493513
07493760
07497380
07498865
07505153
07506189
07507016
07507136
07509447
07516795
07518849
07523366
07527404
07531149
07535689
07536747
07537927
07550498
07550924
07554047
07554565
07555803
07557065
07557080
07557998
07558220
07559923
07560813
07562007
07562615
07563348
07567493
07568859
07570564
07572418
07573811
07575434
07575945
07577044
07584492
07585273
07589572
07591292
07596575
07597047
07600277
07601834
07603757
07605232
07613063
07618133
07621773
07624888
07625360
07626981
07631297
07632898
07635073
07637282
07637427
07643826
07647278
07647404
07648065
07649317
07649705
07667840
07667921
07670544
07670989
07674328
07675775
07688608
07693678
07697454
07697554
07701505
07706384
07706723
07730574
07731963
07732629
07734498
07734836
07735548
07737918
07741245
07748589
07752919
07766111
07769905
07770579
07771034
07771897
07774731
07787307
07788839
07792707
07797554
07798818
07802650
07804615
07808522
07810958
07811947
07827651
07831016
07834771
07835916
07837569
07842210
07842614
07843556
07844479
07847589
07854321
07855814
07861325
07865704
07868693
07871557
07871933
07872438
07873615
07879979
07884299
07884921
07886184
07887650
07888060
07889318
07891544
07892879
07895407
07897102
07898114
07901390
07902852
07903555
07904378
07908311
07916511
07917449
07917656
07917760
07919173
07921626
07921738
07921870
07924635
07926263
07927341
07927557
07932339
07932470
07935321
07935852
07939219
07941239
07942815
07943538
07944199
07945304
07947207
07950437
07951200
07953920
07954945
07957524
07960174
07964245
07965560
07972422
07973030
07973083
07976394
07977404
07981912
07982205
07987310
07995048
07997997
08009063
08010834
08020387
08024139
08032083
08038412
08044001
08048034
08090067
08090263
08091562
08092586
08103379
08119705
